0 tcp 8 8 0.00 0.00 0.00 0.00 1.00 0.00 0.00 normal
0 tcp 8 8 0.00 0.00 0.00 0.00 1.00 0.00 0.00 normal
0 tcp 8 8 0.00 0.00 0.00 0.00 1.00 0.00 0.00 normal
0 tcp 6 6 0.00 0.00 0.00 0.00 1.00 0.00 0.00 normal
0 tcp 6 6 0.00 0.00 0.00 0.00 1.00 0.00 0.00 normal
0 tcp 6 6 0.00 0.00 0.00 0.00 1.00 0.00 0.00 normal
0 tcp 1 2 0.00 0.00 0.00 0.00 1.00 0.00 1.00 normal
0 tcp 5 5 0.00 0.00 0.00 0.00 1.00 0.00 0.00 normal
0 tcp 8 8 0.00 0.00 0.00 0.00 1.00 0.00 0.00 normal
0 tcp 8 8 0.00 0.00 0.00 0.00 1.00 0.00 0.00 normal
0 tcp 18 18 0.00 0.00 0.00 0.00 1.00 0.00 0.00 normal
0 tcp 1 1 0.00 0.00 0.00 0.00 1.00 0.00 0.00 normal
0 tcp 11 11 0.00 0.00 0.00 0.00 1.00 0.00 0.00 normal
0 tcp 4 4 0.00 0.00 0.00 0.00 1.00 0.00 0.00 normal
0 tcp 1 1 0.00 0.00 0.00 0.00 1.00 0.00 0.00 normal
0 tcp 11 11 0.00 0.00 0.00 0.00 1.00 0.00 0.00 normal
0 tcp 2 2 0.00 0.00 0.00 0.00 1.00 0.00 0.00 normal
0 tcp 12 12 0.00 0.00 0.00 0.00 1.00 0.00 0.00 normal
0 tcp 2 8 0.00 0.00 0.00 0.00 1.00 0.00 0.25 normal
0 tcp 7 7 0.00 0.00 0.00 0.00 1.00 0.00 0.00 normal
0 tcp 17 17 0.00 0.00 0.00 0.00 1.00 0.00 0.00 normal
0 tcp 5 5 0.00 0.00 0.00 0.00 1.00 0.00 0.00 normal
0 tcp 12 12 0.00 0.00 0.00 0.00 1.00 0.00 0.00 normal
0 tcp 3 3 0.00 0.00 0.00 0.00 1.00 0.00 0.00 normal
0 tcp 13 13 0.00 0.00 0.00 0.00 1.00 0.00 0.00 normal
0 tcp 23 23 0.00 0.00 0.00 0.00 1.00 0.00 0.00 normal
0 tcp 2 2 0.00 0.00 0.00 0.00 1.00 0.00 0.00 normal
0 tcp 1 1 0.00 0.00 0.00 0.00 1.00 0.00 0.00 normal
0 tcp 6 6 0.00 0.00 0.00 0.00 1.00 0.00 0.00 normal
0 tcp 2 10 0.00 0.00 0.00 0.00 1.00 0.00 0.20 normal
0 tcp 3 3 0.00 0.00 0.00 0.00 1.00 0.00 0.00 normal
0 tcp 2 2 0.00 0.00 0.00 0.00 1.00 0.00 0.00 normal
0 tcp 2 25 0.00 0.00 0.00 0.00 1.00 0.00 0.12 normal
0 tcp 3 13 0.00 0.00 0.00 0.00 1.00 0.00 0.15 normal
0 tcp 3 3 0.00 0.00 0.00 0.00 1.00 0.00 0.00 normal
0 tcp 1 1 0.00 0.00 0.00 0.00 1.00 0.00 0.00 normal
0 tcp 1 1 0.00 0.00 0.00 0.00 1.00 0.00 0.00 normal
0 tcp 2 2 0.00 0.00 0.00 0.00 1.00 0.00 0.00 normal
0 tcp 2 2 0.00 0.00 0.00 0.00 1.00 0.00 0.00 normal
0 tcp 3 3 0.00 0.00 0.00 0.00 1.00 0.00 0.00 normal
0 tcp 3 3 0.00 0.00 0.00 0.00 1.00 0.00 0.00 normal
0 tcp 6 6 0.00 0.00 0.00 0.00 1.00 0.00 0.00 normal
0 tcp 2 13 0.00 0.00 0.00 0.00 1.00 0.00 0.23 normal
0 tcp 4 14 0.00 0.00 0.00 0.00 1.00 0.00 0.14 normal
0 tcp 6 6 0.00 0.00 0.00 0.00 1.00 0.00 0.00 normal
0 tcp 3 3 0.00 0.00 0.00 0.00 1.00 0.00 0.00 normal
0 tcp 4 4 0.00 0.00 0.00 0.00 1.00 0.00 0.00 normal
0 tcp 1 1 0.00 0.00 0.00 0.00 1.00 0.00 0.00 normal
0 tcp 2 2 0.00 0.00 0.00 0.00 1.00 0.00 0.00 normal
0 tcp 4 4 0.00 0.00 0.00 0.00 1.00 0.00 0.00 normal
0 tcp 4 5 0.00 0.00 0.00 0.00 1.00 0.00 0.40 normal
0 tcp 8 8 0.00 0.00 0.00 0.00 1.00 0.00 0.00 normal
0 tcp 18 18 0.00 0.00 0.00 0.00 1.00 0.00 0.00 normal
0 tcp 28 28 0.00 0.00 0.00 0.00 1.00 0.00 0.00 normal
0 tcp 10 10 0.00 0.00 0.00 0.00 1.00 0.00 0.00 normal
0 tcp 7 7 0.00 0.00 0.00 0.00 1.00 0.00 0.00 normal
0 tcp 4 4 0.00 0.00 0.00 0.00 1.00 0.00 0.00 normal
0 tcp 1 1 0.00 0.00 0.00 0.00 1.00 0.00 0.00 normal
0 tcp 9 10 0.00 0.00 0.00 0.00 1.00 0.00 0.20 normal
0 tcp 19 20 0.00 0.00 0.00 0.00 1.00 0.00 0.10 normal
0 tcp 10 10 0.00 0.00 0.00 0.00 1.00 0.00 0.00 normal
0 tcp 6 6 0.00 0.00 0.00 0.00 1.00 0.00 0.00 normal
0 tcp 16 17 0.00 0.00 0.00 0.00 1.00 0.00 0.12 normal
0 tcp 7 7 0.00 0.00 0.00 0.00 1.00 0.00 0.00 normal
0 tcp 17 17 0.00 0.00 0.00 0.00 1.00 0.00 0.00 normal
0 tcp 8 8 0.00 0.00 0.00 0.00 1.00 0.00 0.00 normal
0 tcp 18 18 0.00 0.00 0.00 0.00 1.00 0.00 0.00 normal
0 tcp 9 10 0.00 0.00 0.00 0.00 1.00 0.00 0.20 normal
0 tcp 19 20 0.00 0.00 0.00 0.00 1.00 0.00 0.10 normal
0 tcp 10 20 0.00 0.00 0.00 0.00 1.00 0.00 0.20 normal
0 tcp 6 34 0.00 0.00 0.00 0.00 1.00 0.00 0.06 normal
0 tcp 16 33 0.00 0.00 0.00 0.00 1.00 0.00 0.06 normal
0 tcp 7 7 0.00 0.00 0.00 0.00 1.00 0.00 0.00 normal
0 tcp 17 18 0.00 0.00 0.00 0.00 1.00 0.00 0.11 normal
0 tcp 27 28 0.00 0.00 0.00 0.00 1.00 0.00 0.07 normal
0 tcp 4 10 0.00 0.00 0.00 0.00 1.00 0.00 0.20 normal
0 tcp 14 20 0.00 0.00 0.00 0.00 1.00 0.00 0.10 normal
0 tcp 5 19 0.00 0.00 0.00 0.00 1.00 0.00 0.16 normal
0 tcp 15 34 0.00 0.00 0.00 0.00 1.00 0.00 0.12 normal
0 tcp 6 6 0.00 0.00 0.00 0.00 1.00 0.00 0.00 normal
0 tcp 16 16 0.00 0.00 0.00 0.00 1.00 0.00 0.00 normal
0 tcp 7 7 0.00 0.00 0.00 0.00 1.00 0.00 0.00 normal
0 tcp 3 9 0.00 0.00 0.00 0.00 1.00 0.00 0.22 normal
0 tcp 13 19 0.00 0.00 0.00 0.00 1.00 0.00 0.11 normal
0 tcp 9 14 0.00 0.00 0.00 0.00 1.00 0.00 0.14 normal
0 tcp 5 5 0.00 0.00 0.00 0.00 1.00 0.00 0.00 normal
0 tcp 1 1 0.00 0.00 0.00 0.00 1.00 0.00 0.00 normal
0 tcp 11 11 0.00 0.00 0.00 0.00 1.00 0.00 0.00 normal
0 tcp 2 2 0.00 0.00 0.00 0.00 1.00 0.00 0.00 normal
0 tcp 12 12 0.00 0.00 0.00 0.00 1.00 0.00 0.00 normal
0 tcp 8 8 0.00 0.00 0.00 0.00 1.00 0.00 0.00 normal
0 tcp 4 7 0.00 0.00 0.00 0.00 1.00 0.00 0.29 normal
0 tcp 14 18 0.00 0.00 0.00 0.00 1.00 0.00 0.11 normal
0 tcp 10 10 0.00 0.00 0.00 0.00 1.00 0.00 0.00 normal
0 tcp 2 11 0.00 0.00 0.00 0.00 1.00 0.00 0.18 normal
0 tcp 12 12 0.00 0.00 0.00 0.00 1.00 0.00 0.00 normal
0 tcp 22 22 0.00 0.00 0.00 0.00 1.00 0.00 0.00 normal
0 tcp 1 26 0.00 0.00 0.00 0.00 1.00 0.00 0.08 normal
0 tcp 2 2 0.00 0.00 0.00 0.00 1.00 0.00 0.00 normal
0 tcp 2 2 0.00 0.00 0.00 0.00 1.00 0.00 0.00 normal
0 tcp 4 23 0.00 0.00 0.00 0.00 1.00 0.00 0.09 normal
0 tcp 1 1 0.00 0.00 0.00 0.00 1.00 0.00 0.00 normal
0 tcp 7 7 0.00 0.00 0.00 0.00 1.00 0.00 0.00 normal
0 tcp 4 4 0.00 0.00 0.00 0.00 1.00 0.00 0.00 normal
0 tcp 2 34 0.00 0.00 0.00 0.00 1.00 0.00 0.06 normal
0 tcp 2 2 0.00 0.00 0.00 0.00 1.00 0.00 0.00 normal
0 tcp 5 5 0.00 0.00 0.00 0.00 1.00 0.00 0.00 normal
0 tcp 4 4 0.00 0.00 0.00 0.00 1.00 0.00 0.00 normal
0 tcp 14 14 0.00 0.00 0.00 0.00 1.00 0.00 0.00 normal
0 tcp 10 29 0.00 0.00 0.00 0.00 1.00 0.00 0.07 normal
0 tcp 4 4 0.00 0.00 0.00 0.00 1.00 0.00 0.00 normal
0 tcp 14 14 0.00 0.00 0.00 0.00 1.00 0.00 0.00 normal
0 tcp 10 10 0.00 0.00 0.00 0.00 1.00 0.00 0.00 normal
0 tcp 6 6 0.00 0.00 0.00 0.00 1.00 0.00 0.00 normal
0 tcp 2 2 0.00 0.00 0.00 0.00 1.00 0.00 0.00 normal
0 tcp 10 14 0.00 0.00 0.00 0.00 1.00 0.00 0.14 normal
0 tcp 3 8 0.00 0.00 0.00 0.00 1.00 0.00 0.25 normal
0 tcp 3 3 0.00 0.00 0.00 0.00 1.00 0.00 0.00 normal
0 tcp 6 6 0.00 0.00 0.00 0.00 1.00 0.00 0.00 normal
0 tcp 2 2 0.00 0.00 0.00 0.00 1.00 0.00 0.00 normal
0 tcp 2 2 0.00 0.00 0.00 0.00 1.00 0.00 0.00 normal
0 tcp 3 17 0.00 0.00 0.00 0.00 1.00 0.00 0.12 normal
0 tcp 6 6 0.00 0.00 0.00 0.00 1.00 0.00 0.00 normal
0 tcp 4 4 0.00 0.00 0.00 0.00 1.00 0.00 0.00 normal
0 tcp 7 7 0.00 0.00 0.00 0.00 1.00 0.00 0.00 normal
0 tcp 1 1 0.00 0.00 0.00 0.00 1.00 0.00 0.00 normal
0 tcp 1 1 0.00 0.00 0.00 0.00 1.00 0.00 0.00 normal
0 tcp 4 4 0.00 0.00 0.00 0.00 1.00 0.00 0.00 normal
0 tcp 4 4 0.25 0.25 0.00 0.00 1.00 0.00 0.00 normal
0 tcp 1 1 0.00 0.00 0.00 0.00 1.00 0.00 0.00 normal
0 tcp 4 4 0.00 0.00 0.00 0.00 1.00 0.00 0.00 normal
0 tcp 7 7 0.00 0.00 0.00 0.00 1.00 0.00 0.00 normal
0 tcp 3 3 0.00 0.00 0.00 0.00 1.00 0.00 0.00 normal
0 tcp 2 2 0.00 0.00 0.00 0.00 1.00 0.00 0.00 normal
0 tcp 3 3 0.00 0.00 0.00 0.00 1.00 0.00 0.00 normal
0 tcp 1 1 0.00 0.00 0.00 0.00 1.00 0.00 0.00 normal
0 tcp 8 8 0.00 0.00 0.00 0.00 1.00 0.00 0.00 normal
0 tcp 3 3 0.00 0.00 0.00 0.00 1.00 0.00 0.00 normal
0 tcp 13 13 0.00 0.00 0.00 0.00 1.00 0.00 0.00 normal
0 tcp 23 23 0.00 0.00 0.00 0.00 1.00 0.00 0.00 normal
0 tcp 1 1 0.00 0.00 0.00 0.00 1.00 0.00 0.00 normal
0 tcp 8 8 0.00 0.00 0.00 0.00 1.00 0.00 0.00 normal
0 tcp 3 6 0.00 0.00 0.00 0.00 1.00 0.00 0.33 normal
0 tcp 5 5 0.00 0.00 0.00 0.00 1.00 0.00 0.00 normal
0 tcp 4 4 0.00 0.00 0.00 0.00 1.00 0.00 0.00 normal
0 tcp 5 5 0.00 0.00 0.00 0.00 1.00 0.00 0.00 normal
0 tcp 7 7 0.00 0.00 0.00 0.00 1.00 0.00 0.00 normal
0 tcp 7 7 0.00 0.00 0.00 0.00 1.00 0.00 0.00 normal
0 tcp 1 1 0.00 0.00 0.00 0.00 1.00 0.00 0.00 normal
0 tcp 4 4 0.00 0.00 0.00 0.00 1.00 0.00 0.00 normal
0 tcp 2 2 0.00 0.00 0.00 0.00 1.00 0.00 0.00 normal
0 tcp 12 12 0.00 0.00 0.00 0.00 1.00 0.00 0.00 normal
0 tcp 1 1 0.00 0.00 0.00 0.00 1.00 0.00 0.00 normal
0 tcp 7 7 0.00 0.00 0.00 0.00 1.00 0.00 0.00 normal
0 tcp 2 2 0.00 0.00 0.00 0.00 1.00 0.00 0.00 normal
0 tcp 12 12 0.00 0.00 0.00 0.00 1.00 0.00 0.00 normal
0 tcp 5 5 0.00 0.00 0.00 0.00 1.00 0.00 0.00 normal
0 tcp 2 2 0.00 0.00 0.00 0.00 1.00 0.00 0.00 normal
0 tcp 8 8 0.00 0.00 0.00 0.00 1.00 0.00 0.00 normal
0 tcp 3 3 0.00 0.00 0.00 0.00 1.00 0.00 0.00 normal
0 tcp 13 13 0.00 0.00 0.00 0.00 1.00 0.00 0.00 normal
0 tcp 2 5 0.00 0.00 0.00 0.00 1.00 0.00 0.40 normal
0 tcp 12 15 0.00 0.00 0.00 0.00 1.00 0.00 0.13 normal
0 tcp 1 1 0.00 0.00 0.00 0.00 1.00 0.00 0.00 normal
0 tcp 11 11 0.00 0.00 0.00 0.00 1.00 0.00 0.00 normal
0 tcp 4 6 0.00 0.00 0.00 0.00 1.00 0.00 0.33 normal
0 tcp 1 1 0.00 0.00 0.00 0.00 1.00 0.00 0.00 normal
0 tcp 3 3 0.00 0.00 0.00 0.00 1.00 0.00 0.00 normal
0 tcp 13 13 0.00 0.00 0.00 0.00 1.00 0.00 0.00 normal
0 tcp 10 10 0.00 0.00 0.00 0.00 1.00 0.00 0.00 normal
0 tcp 7 7 0.00 0.00 0.00 0.00 1.00 0.00 0.00 normal
0 tcp 2 2 0.00 0.00 0.00 0.00 1.00 0.00 0.00 normal
0 tcp 12 12 0.00 0.00 0.00 0.00 1.00 0.00 0.00 normal
0 tcp 9 9 0.00 0.00 0.00 0.00 1.00 0.00 0.00 normal
0 tcp 1 1 0.00 0.00 0.00 0.00 1.00 0.00 0.00 normal
0 tcp 7 7 0.00 0.00 0.00 0.00 1.00 0.00 0.00 normal
0 tcp 2 2 0.00 0.00 0.00 0.00 1.00 0.00 0.00 normal
0 tcp 8 8 0.00 0.00 0.00 0.00 1.00 0.00 0.00 normal
0 tcp 1 1 0.00 0.00 0.00 0.00 1.00 0.00 0.00 normal
0 tcp 11 11 0.00 0.00 0.00 0.00 1.00 0.00 0.00 normal
0 tcp 4 4 0.00 0.00 0.00 0.00 1.00 0.00 0.00 normal
0 tcp 14 14 0.00 0.00 0.00 0.00 1.00 0.00 0.00 normal
0 tcp 9 9 0.00 0.00 0.00 0.00 1.00 0.00 0.00 normal
0 tcp 2 2 0.00 0.00 0.00 0.00 1.00 0.00 0.00 normal
0 tcp 8 8 0.00 0.00 0.00 0.00 1.00 0.00 0.00 normal
0 tcp 1 1 0.00 0.00 0.00 0.00 1.00 0.00 0.00 normal
0 tcp 11 11 0.00 0.00 0.00 0.00 1.00 0.00 0.00 normal
0 tcp 8 8 0.00 0.00 0.00 0.00 1.00 0.00 0.00 normal
0 tcp 5 18 0.00 0.00 0.00 0.00 1.00 0.00 0.11 normal
0 tcp 2 2 0.00 0.00 0.00 0.00 1.00 0.00 0.00 normal
0 tcp 8 8 0.00 0.00 0.00 0.00 1.00 0.00 0.00 normal
0 tcp 1 1 0.00 0.00 0.00 0.00 1.00 0.00 0.00 normal
0 tcp 11 11 0.00 0.00 0.00 0.00 1.00 0.00 0.00 normal
0 tcp 8 27 0.00 0.00 0.00 0.00 1.00 0.00 0.07 normal
0 tcp 5 5 0.00 0.00 0.00 0.00 1.00 0.00 0.00 normal
0 tcp 15 15 0.00 0.00 0.00 0.00 1.00 0.00 0.00 normal
0 tcp 10 12 0.00 0.00 0.00 0.00 1.00 0.00 0.25 normal
0 tcp 7 7 0.00 0.00 0.00 0.00 1.00 0.00 0.00 normal
0 tcp 4 4 0.00 0.00 0.00 0.00 1.00 0.00 0.00 normal
0 tcp 1 1 0.00 0.00 0.00 0.00 1.00 0.00 0.00 normal
0 tcp 3 8 0.00 0.00 0.00 0.00 1.00 0.00 0.50 normal
0 tcp 13 18 0.00 0.00 0.00 0.00 1.00 0.00 0.22 normal
0 tcp 6 24 0.00 0.00 0.00 0.00 1.00 0.00 0.08 normal
0 tcp 3 3 0.00 0.00 0.00 0.00 1.00 0.00 0.00 normal
0 tcp 9 9 0.00 0.00 0.00 0.00 1.00 0.00 0.00 normal
0 tcp 2 2 0.00 0.00 0.00 0.00 1.00 0.00 0.00 normal
0 tcp 1 1 0.00 0.00 0.00 0.00 1.00 0.00 0.00 normal
0 tcp 1 1 0.00 0.00 0.00 0.00 1.00 0.00 0.00 normal
0 tcp 1 1 0.00 0.00 0.00 0.00 1.00 0.00 0.00 normal
0 tcp 1 1 0.00 0.00 0.00 0.00 1.00 0.00 0.00 normal
0 tcp 1 2 0.00 0.00 0.00 0.00 1.00 0.00 1.00 normal
0 tcp 2 2 0.00 0.00 0.00 0.00 1.00 0.00 0.00 normal
0 tcp 2 1 0.00 0.00 0.00 0.00 0.50 1.00 0.00 normal
0 udp 1 2 0.00 0.00 0.00 0.00 1.00 0.00 1.00 normal
0 udp 1 1 0.00 0.00 0.00 0.00 1.00 0.00 0.00 normal
0 tcp 1 1 0.00 0.00 0.00 0.00 1.00 0.00 0.00 normal
1 tcp 1 3 0.00 0.00 0.00 0.00 1.00 0.00 1.00 normal
0 udp 1 4 0.00 0.00 0.00 0.00 1.00 0.00 0.75 normal
0 tcp 1 1 0.00 0.00 0.00 0.00 1.00 0.00 0.00 normal
0 udp 1 2 0.00 0.00 0.00 0.00 1.00 0.00 1.00 normal
0 tcp 1 1 0.00 0.00 0.00 0.00 1.00 0.00 0.00 normal
0 tcp 3 1 0.00 0.00 0.00 0.00 0.33 0.67 0.00 normal
0 tcp 1 1 0.00 0.00 0.00 0.00 1.00 0.00 0.00 normal
0 tcp 1 1 0.00 0.00 0.00 0.00 1.00 0.00 0.00 normal
0 udp 1 2 0.00 0.00 0.00 0.00 1.00 0.00 1.00 normal
0 tcp 1 1 0.00 0.00 0.00 0.00 1.00 0.00 0.00 normal
0 udp 1 4 0.00 0.00 0.00 0.00 1.00 0.00 0.75 normal
0 tcp 2 1 0.00 0.00 0.00 0.00 0.50 1.00 0.00 normal
0 tcp 6 6 0.00 0.00 0.00 0.00 1.00 0.00 0.00 normal
0 tcp 5 9 0.00 0.00 0.00 0.00 1.00 0.00 0.33 normal
0 tcp 1 13 0.00 0.00 0.00 0.00 1.00 0.00 0.15 normal
0 tcp 11 23 0.00 0.00 0.00 0.00 1.00 0.00 0.09 normal
0 tcp 2 2 0.00 0.00 0.00 0.00 1.00 0.00 0.00 normal
0 tcp 5 5 0.00 0.00 0.00 0.00 1.00 0.00 0.00 normal
0 tcp 8 8 0.00 0.00 0.00 0.00 1.00 0.00 0.00 normal
0 tcp 7 7 0.00 0.00 0.00 0.00 1.00 0.00 0.00 normal
0 tcp 2 2 0.00 0.00 0.00 0.00 1.00 0.00 0.00 normal
0 tcp 11 11 0.00 0.00 0.00 0.00 1.00 0.00 0.00 normal
0 tcp 10 14 0.00 0.00 0.00 0.00 1.00 0.00 0.14 normal
0 tcp 8 10 0.00 0.00 0.00 0.00 1.00 0.00 0.20 normal
0 tcp 7 42 0.00 0.00 0.00 0.00 1.00 0.00 0.07 normal
0 tcp 6 6 0.00 0.00 0.00 0.00 1.00 0.00 0.00 normal
0 tcp 5 14 0.00 0.00 0.00 0.00 1.00 0.00 0.21 normal
0 tcp 2 2 0.00 0.00 0.00 0.00 1.00 0.00 0.00 normal
0 tcp 2 3 0.00 0.00 0.00 0.00 1.00 0.00 0.67 normal
0 tcp 9 9 0.00 0.00 0.00 0.00 1.00 0.00 0.00 normal
0 tcp 6 6 0.00 0.00 0.00 0.00 1.00 0.00 0.00 normal
0 tcp 5 5 0.00 0.00 0.00 0.00 1.00 0.00 0.00 normal
0 tcp 1 1 0.00 0.00 0.00 0.00 1.00 0.00 0.00 normal
0 tcp 10 10 0.00 0.00 0.00 0.00 1.00 0.00 0.00 normal
0 tcp 6 6 0.00 0.00 0.00 0.00 1.00 0.00 0.00 normal
0 tcp 5 22 0.00 0.00 0.00 0.00 1.00 0.00 0.09 normal
0 tcp 4 4 0.00 0.00 0.00 0.00 1.00 0.00 0.00 normal
0 tcp 1 1 0.00 0.00 0.00 0.00 1.00 0.00 0.00 normal
0 tcp 11 11 0.00 0.00 0.00 0.00 1.00 0.00 0.00 normal
0 tcp 10 10 0.00 0.00 0.00 0.00 1.00 0.00 0.00 normal
0 tcp 9 9 0.00 0.00 0.00 0.00 1.00 0.00 0.00 normal
0 tcp 1 1 0.00 0.00 0.00 0.00 1.00 0.00 0.00 normal
0 tcp 3 3 0.00 0.00 0.00 0.00 1.00 0.00 0.00 normal
0 tcp 4 4 0.00 0.00 0.00 0.00 1.00 0.00 0.00 normal
0 tcp 1 1 0.00 0.00 0.00 0.00 1.00 0.00 0.00 normal
0 tcp 10 10 0.00 0.00 0.00 0.00 1.00 0.00 0.00 normal
0 tcp 5 5 0.00 0.00 0.00 0.00 1.00 0.00 0.00 normal
0 tcp 4 4 0.00 0.00 0.00 0.00 1.00 0.00 0.00 normal
0 tcp 3 3 0.00 0.00 0.00 0.00 1.00 0.00 0.00 normal
0 tcp 2 2 0.00 0.00 0.00 0.00 1.00 0.00 0.00 normal
0 tcp 1 1 0.00 0.00 0.00 0.00 1.00 0.00 0.00 normal
0 tcp 2 2 0.00 0.00 0.00 0.00 1.00 0.00 0.00 normal
0 tcp 12 12 0.00 0.00 0.00 0.00 1.00 0.00 0.00 normal
0 tcp 7 7 0.00 0.00 0.00 0.00 1.00 0.00 0.00 normal
0 tcp 2 2 0.00 0.00 0.00 0.00 1.00 0.00 0.00 normal
0 tcp 12 12 0.00 0.00 0.00 0.00 1.00 0.00 0.00 normal
0 tcp 6 6 0.00 0.00 0.00 0.00 1.00 0.00 0.00 normal
0 tcp 3 3 0.00 0.00 0.00 0.00 1.00 0.00 0.00 normal
0 tcp 1 1 0.00 0.00 0.00 0.00 1.00 0.00 0.00 normal
0 tcp 11 11 0.00 0.00 0.00 0.00 1.00 0.00 0.00 normal
0 tcp 7 7 0.00 0.00 0.00 0.00 1.00 0.00 0.00 normal
0 tcp 8 8 0.00 0.00 0.00 0.00 1.00 0.00 0.00 normal
0 tcp 13 13 0.00 0.00 0.00 0.00 1.00 0.00 0.00 normal
0 tcp 9 11 0.00 0.00 0.00 0.00 1.00 0.00 0.18 normal
0 tcp 5 7 0.00 0.00 0.00 0.00 1.00 0.00 0.29 normal
0 tcp 1 1 0.00 0.00 0.00 0.00 1.00 0.00 0.00 normal
0 tcp 11 11 0.00 0.00 0.00 0.00 1.00 0.00 0.00 normal
0 tcp 7 7 0.00 0.00 0.00 0.00 1.00 0.00 0.00 normal
0 tcp 3 3 0.00 0.00 0.00 0.00 1.00 0.00 0.00 normal
0 tcp 13 13 0.00 0.00 0.00 0.00 1.00 0.00 0.00 normal
0 tcp 9 9 0.00 0.00 0.00 0.00 1.00 0.00 0.00 normal
0 tcp 5 5 0.00 0.00 0.00 0.00 1.00 0.00 0.00 normal
0 tcp 1 1 0.00 0.00 0.00 0.00 1.00 0.00 0.00 normal
0 tcp 11 11 0.00 0.00 0.00 0.00 1.00 0.00 0.00 normal
0 tcp 7 7 0.00 0.00 0.00 0.00 1.00 0.00 0.00 normal
0 tcp 5 5 0.00 0.00 0.00 0.00 1.00 0.00 0.00 normal
0 tcp 1 1 0.00 0.00 0.00 0.00 1.00 0.00 0.00 normal
0 tcp 11 11 0.00 0.00 0.00 0.00 1.00 0.00 0.00 normal
0 tcp 10 10 0.00 0.00 0.00 0.00 1.00 0.00 0.00 normal
0 tcp 6 6 0.00 0.00 0.00 0.00 1.00 0.00 0.00 normal
0 tcp 4 4 0.00 0.00 0.00 0.00 1.00 0.00 0.00 normal
0 tcp 14 14 0.00 0.00 0.00 0.00 1.00 0.00 0.00 normal
0 tcp 5 5 0.00 0.00 0.00 0.00 1.00 0.00 0.00 normal
0 tcp 6 6 0.00 0.00 0.00 0.00 1.00 0.00 0.00 normal
0 tcp 2 2 0.00 0.00 0.00 0.00 1.00 0.00 0.00 normal
0 tcp 12 12 0.00 0.00 0.00 0.00 1.00 0.00 0.00 normal
0 tcp 8 8 0.00 0.00 0.00 0.00 1.00 0.00 0.00 normal
0 tcp 1 1 0.00 0.00 0.00 0.00 1.00 0.00 0.00 normal
0 tcp 10 10 0.00 0.00 0.00 0.00 1.00 0.00 0.00 normal
0 tcp 10 10 0.00 0.00 0.00 0.00 1.00 0.00 0.00 normal
0 tcp 6 6 0.00 0.00 0.00 0.00 1.00 0.00 0.00 normal
0 tcp 2 2 0.00 0.00 0.00 0.00 1.00 0.00 0.00 normal
0 tcp 12 12 0.00 0.00 0.00 0.00 1.00 0.00 0.00 normal
0 tcp 2 2 0.00 0.00 0.00 0.00 1.00 0.00 0.00 normal
0 tcp 9 9 0.00 0.00 0.00 0.00 1.00 0.00 0.00 normal
0 tcp 19 19 0.00 0.00 0.00 0.00 1.00 0.00 0.00 normal
0 tcp 3 3 0.00 0.00 0.00 0.00 1.00 0.00 0.00 normal
0 tcp 5 5 0.00 0.00 0.00 0.00 1.00 0.00 0.00 normal
0 tcp 15 15 0.00 0.00 0.00 0.00 1.00 0.00 0.00 normal
0 tcp 4 4 0.00 0.00 0.00 0.00 1.00 0.00 0.00 normal
0 tcp 1 6 0.00 0.00 0.00 0.00 1.00 0.00 0.50 normal
0 tcp 11 16 0.00 0.00 0.00 0.00 1.00 0.00 0.19 normal
0 tcp 10 10 0.00 0.00 0.00 0.00 1.00 0.00 0.00 normal
0 tcp 3 3 0.00 0.00 0.00 0.00 1.00 0.00 0.00 normal
0 tcp 3 3 0.00 0.00 0.00 0.00 1.00 0.00 0.00 normal
0 tcp 13 13 0.00 0.00 0.00 0.00 1.00 0.00 0.00 normal
0 tcp 4 4 0.00 0.00 0.00 0.00 1.00 0.00 0.00 normal
0 tcp 1 1 0.00 0.00 0.00 0.00 1.00 0.00 0.00 normal
0 tcp 8 8 0.00 0.00 0.00 0.00 1.00 0.00 0.00 normal
0 tcp 8 8 0.00 0.00 0.00 0.00 1.00 0.00 0.00 normal
0 tcp 18 18 0.00 0.00 0.00 0.00 1.00 0.00 0.00 normal
0 tcp 6 6 0.00 0.00 0.00 0.00 1.00 0.00 0.00 normal
0 tcp 16 16 0.00 0.00 0.00 0.00 1.00 0.00 0.00 normal
0 tcp 1 17 0.00 0.00 0.00 0.00 1.00 0.00 0.12 normal
0 tcp 10 15 0.00 0.00 0.00 0.00 1.00 0.00 0.27 normal
0 tcp 20 25 0.00 0.00 0.00 0.00 1.00 0.00 0.16 normal
0 tcp 10 11 0.00 0.00 0.00 0.00 1.00 0.00 0.18 normal
0 tcp 1 1 0.00 0.00 0.00 0.00 1.00 0.00 0.00 normal
0 tcp 8 8 0.00 0.00 0.00 0.00 1.00 0.00 0.00 normal
0 tcp 18 18 0.00 0.00 0.00 0.00 1.00 0.00 0.00 normal
0 tcp 8 8 0.00 0.00 0.00 0.00 1.00 0.00 0.00 normal
0 tcp 18 18 0.00 0.00 0.00 0.00 1.00 0.00 0.00 normal
0 tcp 7 7 0.00 0.00 0.00 0.00 1.00 0.00 0.00 normal
0 tcp 17 18 0.00 0.00 0.00 0.00 1.00 0.00 0.11 normal
0 tcp 6 6 0.00 0.00 0.00 0.00 1.00 0.00 0.00 normal
0 tcp 16 16 0.00 0.00 0.00 0.00 1.00 0.00 0.00 normal
0 tcp 8 8 0.00 0.00 0.00 0.00 1.00 0.00 0.00 normal
0 tcp 19 19 0.11 0.11 0.00 0.00 1.00 0.00 0.00 normal
0 tcp 5 11 0.00 0.00 0.00 0.00 1.00 0.00 0.18 normal
0 tcp 15 25 0.00 0.00 0.00 0.00 1.00 0.00 0.08 normal
0 tcp 1 5 0.00 0.00 0.00 0.00 1.00 0.00 0.40 normal
0 tcp 7 7 0.00 0.00 0.00 0.00 1.00 0.00 0.00 normal
0 tcp 2 30 0.00 0.03 0.00 0.00 1.00 0.00 0.07 normal
0 tcp 1 1 0.00 0.00 0.00 0.00 1.00 0.00 0.00 normal
0 tcp 4 5 0.00 0.00 0.00 0.00 1.00 0.00 0.40 normal
0 tcp 1 1 0.00 0.00 0.00 0.00 1.00 0.00 0.00 normal
0 tcp 11 11 0.00 0.00 0.00 0.00 1.00 0.00 0.00 normal
0 tcp 8 8 0.00 0.00 0.00 0.00 1.00 0.00 0.00 normal
0 tcp 7 7 0.00 0.00 0.00 0.00 1.00 0.00 0.00 normal
0 tcp 6 6 0.00 0.00 0.00 0.00 1.00 0.00 0.00 normal
0 tcp 9 9 0.00 0.00 0.00 0.00 1.00 0.00 0.00 normal
0 tcp 6 25 0.00 0.00 0.00 0.00 1.00 0.00 0.08 normal
0 tcp 3 3 0.00 0.00 0.00 0.00 1.00 0.00 0.00 normal
0 tcp 6 6 0.00 0.00 0.00 0.00 1.00 0.00 0.00 normal
0 tcp 16 16 0.00 0.00 0.00 0.00 1.00 0.00 0.00 normal
0 tcp 26 26 0.00 0.00 0.00 0.00 1.00 0.00 0.00 normal
0 tcp 36 36 0.00 0.00 0.00 0.00 1.00 0.00 0.00 normal
0 tcp 10 14 0.00 0.00 0.00 0.00 1.00 0.00 0.14 normal
0 tcp 2 2 0.00 0.00 0.00 0.00 1.00 0.00 0.00 normal
0 tcp 12 12 0.00 0.00 0.00 0.00 1.00 0.00 0.00 normal
0 tcp 9 9 0.00 0.00 0.00 0.00 1.00 0.00 0.00 normal
0 tcp 6 6 0.00 0.00 0.00 0.00 1.00 0.00 0.00 normal
0 tcp 16 16 0.00 0.00 0.00 0.00 1.00 0.00 0.00 normal
0 tcp 26 26 0.00 0.00 0.00 0.00 1.00 0.00 0.00 normal
0 tcp 6 16 0.00 0.00 0.00 0.00 1.00 0.00 0.12 normal
0 tcp 16 26 0.00 0.00 0.00 0.00 1.00 0.00 0.08 normal
0 tcp 26 36 0.00 0.00 0.00 0.00 1.00 0.00 0.06 normal
0 tcp 1 1 0.00 0.00 0.00 0.00 1.00 0.00 0.00 normal
0 tcp 11 11 0.00 0.00 0.00 0.00 1.00 0.00 0.00 normal
0 tcp 4 4 0.00 0.00 0.00 0.00 1.00 0.00 0.00 normal
0 tcp 14 14 0.00 0.00 0.00 0.00 1.00 0.00 0.00 normal
0 tcp 7 7 0.00 0.00 0.00 0.00 1.00 0.00 0.00 normal
0 tcp 17 17 0.00 0.00 0.00 0.00 1.00 0.00 0.00 normal
0 tcp 3 3 0.00 0.00 0.00 0.00 1.00 0.00 0.00 normal
0 tcp 13 13 0.00 0.00 0.00 0.00 1.00 0.00 0.00 normal
0 tcp 5 5 0.00 0.00 0.00 0.00 1.00 0.00 0.00 normal
0 tcp 1 1 0.00 0.00 0.00 0.00 1.00 0.00 0.00 normal
79 tcp 3 3 0.00 0.00 0.00 0.00 1.00 0.00 0.00 normal
0 tcp 2 2 0.00 0.00 0.00 0.00 1.00 0.00 0.00 normal
0 tcp 1 1 0.00 0.00 0.00 0.00 1.00 0.00 0.00 normal
0 tcp 7 7 0.00 0.00 0.00 0.00 1.00 0.00 0.00 normal
0 tcp 17 17 0.00 0.00 0.00 0.00 1.00 0.00 0.00 normal
0 tcp 9 9 0.00 0.00 0.00 0.00 1.00 0.00 0.00 normal
0 tcp 7 8 0.00 0.00 0.00 0.00 1.00 0.00 0.25 normal
0 tcp 17 18 0.00 0.00 0.00 0.00 1.00 0.00 0.11 normal
0 tcp 27 28 0.00 0.00 0.00 0.00 1.00 0.00 0.07 normal
0 tcp 1 1 0.00 0.00 0.00 0.00 1.00 0.00 0.00 normal
0 tcp 11 11 0.00 0.00 0.00 0.00 1.00 0.00 0.00 normal
0 tcp 21 23 0.00 0.00 0.00 0.00 1.00 0.00 0.09 normal
0 tcp 31 33 0.00 0.00 0.00 0.00 1.00 0.00 0.06 normal
0 tcp 1 2 0.00 0.00 0.00 0.00 1.00 0.00 1.00 normal
0 tcp 2 9 0.00 0.00 0.00 0.00 1.00 0.00 0.22 normal
0 tcp 2 33 0.00 0.00 0.00 0.00 1.00 0.00 0.18 normal
0 tcp 3 10 0.00 0.00 0.00 0.00 1.00 0.00 0.20 normal
0 tcp 6 5 0.83 1.00 0.00 0.00 0.83 0.33 0.00 neptune
0 tcp 16 15 0.94 1.00 0.00 0.00 0.94 0.12 0.00 neptune
0 tcp 63 1 1.00 1.00 0.00 0.00 0.02 0.08 0.00 neptune
0 tcp 110 8 1.00 1.00 0.00 0.00 0.07 0.06 0.00 neptune
0 tcp 119 17 1.00 1.00 0.00 0.00 0.14 0.06 0.00 neptune
0 tcp 128 6 1.00 1.00 0.00 0.00 0.05 0.06 0.00 neptune
0 tcp 138 16 1.00 1.00 0.00 0.00 0.12 0.06 0.00 neptune
0 tcp 105 6 1.00 1.00 0.00 0.00 0.06 0.06 0.00 neptune
0 tcp 114 14 1.00 1.00 0.00 0.00 0.12 0.06 0.00 neptune
0 tcp 123 3 1.00 1.00 0.00 0.00 0.02 0.07 0.00 neptune
0 tcp 132 12 1.00 1.00 0.00 0.00 0.09 0.06 0.00 neptune
0 tcp 141 2 1.00 1.00 0.00 0.00 0.01 0.06 0.00 neptune
0 tcp 150 11 1.00 1.00 0.00 0.00 0.07 0.05 0.00 neptune
0 tcp 109 19 1.00 1.00 0.00 0.00 0.17 0.06 0.00 neptune
0 tcp 119 10 1.00 1.00 0.00 0.00 0.08 0.06 0.00 neptune
0 tcp 128 18 1.00 1.00 0.00 0.00 0.14 0.06 0.00 neptune
0 tcp 74 12 1.00 1.00 0.00 0.00 0.16 0.07 0.00 neptune
0 tcp 97 14 1.00 1.00 0.00 0.00 0.14 0.06 0.00 neptune
0 tcp 106 7 1.00 1.00 0.00 0.00 0.07 0.06 0.00 neptune
0 tcp 115 16 1.00 1.00 0.00 0.00 0.14 0.05 0.00 neptune
0 tcp 74 4 1.00 1.00 0.00 0.00 0.05 0.08 0.00 neptune
0 tcp 83 13 1.00 1.00 0.00 0.00 0.16 0.07 0.00 neptune
0 tcp 92 3 1.00 1.00 0.00 0.00 0.03 0.07 0.00 neptune
0 tcp 62 3 1.00 1.00 0.00 0.00 0.05 0.08 0.00 neptune
0 tcp 71 12 1.00 1.00 0.00 0.00 0.17 0.07 0.00 neptune
0 tcp 80 11 1.00 1.00 0.00 0.00 0.14 0.06 0.00 neptune
0 tcp 61 19 1.00 1.00 0.00 0.00 0.31 0.07 0.00 neptune
0 tcp 70 8 1.00 1.00 0.00 0.00 0.11 0.07 0.00 neptune
0 tcp 52 4 1.00 0.75 0.00 0.00 0.06 0.10 0.50 neptune
0 tcp 58 9 1.00 1.00 0.00 0.00 0.16 0.07 0.00 neptune
0 tcp 67 7 1.00 1.00 0.00 0.00 0.10 0.07 0.00 neptune
0 tcp 76 12 1.00 1.00 0.00 0.00 0.16 0.07 0.00 neptune
0 tcp 85 20 1.00 1.00 0.00 0.00 0.24 0.06 0.00 neptune
0 tcp 72 9 1.00 1.00 0.00 0.00 0.12 0.07 0.00 neptune
0 tcp 81 2 1.00 1.00 0.00 0.00 0.02 0.07 0.00 neptune
0 tcp 90 9 1.00 1.00 0.00 0.00 0.10 0.07 0.00 neptune
0 tcp 99 18 1.00 1.00 0.00 0.00 0.18 0.06 0.00 neptune
0 tcp 108 16 1.00 1.00 0.00 0.00 0.15 0.06 0.00 neptune
0 tcp 90 1 1.00 1.00 0.00 0.00 0.01 0.09 0.00 neptune
0 tcp 99 14 1.00 1.00 0.00 0.00 0.14 0.08 0.00 neptune
0 tcp 63 15 1.00 0.93 0.00 0.00 0.22 0.08 0.13 neptune
0 tcp 118 17 1.00 1.00 0.00 0.00 0.14 0.07 0.00 neptune
0 tcp 127 12 1.00 1.00 0.00 0.00 0.09 0.06 0.00 neptune
0 tcp 136 20 1.00 1.00 0.00 0.00 0.15 0.06 0.00 neptune
0 tcp 109 9 1.00 1.00 0.00 0.00 0.08 0.06 0.00 neptune
0 tcp 118 12 1.00 1.00 0.00 0.00 0.10 0.06 0.00 neptune
0 tcp 127 2 1.00 1.00 0.00 0.00 0.02 0.06 0.00 neptune
0 tcp 136 11 1.00 1.00 0.00 0.00 0.08 0.06 0.00 neptune
0 tcp 145 20 1.00 1.00 0.00 0.00 0.14 0.06 0.00 neptune
0 tcp 104 8 1.00 1.00 0.00 0.00 0.08 0.06 0.00 neptune
0 tcp 113 3 1.00 1.00 0.00 0.00 0.03 0.06 0.00 neptune
0 tcp 73 5 1.00 1.00 0.00 0.00 0.07 0.07 0.00 neptune
0 tcp 132 9 1.00 1.00 0.00 0.00 0.07 0.06 0.00 neptune
0 tcp 141 18 1.00 1.00 0.00 0.00 0.13 0.06 0.00 neptune
0 tcp 100 14 1.00 1.00 0.00 0.00 0.14 0.06 0.00 neptune
0 tcp 109 4 1.00 1.00 0.00 0.00 0.04 0.06 0.00 neptune
0 tcp 118 13 1.00 1.00 0.00 0.00 0.11 0.06 0.00 neptune
0 tcp 127 2 1.00 1.00 0.00 0.00 0.02 0.06 0.00 neptune
0 tcp 136 11 1.00 1.00 0.00 0.00 0.08 0.06 0.00 neptune
0 tcp 95 1 1.00 1.00 0.00 0.00 0.01 0.06 0.00 neptune
0 tcp 104 19 1.00 1.00 0.00 0.00 0.18 0.06 0.00 neptune
0 tcp 113 18 1.00 1.00 0.00 0.00 0.16 0.05 0.00 neptune
0 tcp 61 14 1.00 1.00 0.00 0.00 0.23 0.08 0.00 neptune
0 tcp 132 17 1.00 1.00 0.00 0.00 0.13 0.05 0.00 neptune
0 tcp 141 20 1.00 1.00 0.00 0.00 0.14 0.06 0.00 neptune
0 tcp 101 7 1.00 1.00 0.00 0.00 0.07 0.08 0.00 neptune
0 tcp 110 16 1.00 1.00 0.00 0.00 0.15 0.07 0.00 neptune
0 tcp 119 10 1.00 1.00 0.00 0.00 0.08 0.07 0.00 neptune
0 tcp 128 18 1.00 1.00 0.00 0.00 0.14 0.06 0.00 neptune
0 tcp 137 14 1.00 1.00 0.00 0.00 0.10 0.06 0.00 neptune
0 tcp 101 2 1.00 1.00 0.00 0.00 0.02 0.08 0.00 neptune
0 tcp 110 6 1.00 1.00 0.00 0.00 0.05 0.08 0.00 neptune
0 tcp 119 15 1.00 1.00 0.00 0.00 0.13 0.08 0.00 neptune
0 tcp 128 6 1.00 1.00 0.00 0.00 0.05 0.07 0.00 neptune
0 tcp 72 6 1.00 1.00 0.00 0.00 0.08 0.07 0.00 neptune
0 tcp 99 1 1.00 1.00 0.00 0.00 0.01 0.07 0.00 neptune
0 tcp 108 10 1.00 1.00 0.00 0.00 0.09 0.06 0.00 neptune
0 tcp 117 11 1.00 1.00 0.00 0.00 0.09 0.06 0.00 neptune
0 tcp 126 14 1.00 1.00 0.00 0.00 0.11 0.06 0.00 neptune
0 tcp 85 7 1.00 1.00 0.00 0.00 0.08 0.07 0.00 neptune
0 tcp 94 9 1.00 1.00 0.00 0.00 0.10 0.07 0.00 neptune
0 tcp 103 17 1.00 1.00 0.00 0.00 0.17 0.07 0.00 neptune
0 tcp 112 20 1.00 1.00 0.00 0.00 0.18 0.06 0.00 neptune
0 tcp 73 9 1.00 1.00 0.00 0.00 0.12 0.07 0.00 neptune
0 tcp 82 11 1.00 1.00 0.00 0.00 0.13 0.06 0.00 neptune
0 tcp 91 20 1.00 1.00 0.00 0.00 0.22 0.05 0.00 neptune
0 tcp 70 7 1.00 1.00 0.00 0.00 0.10 0.07 0.00 neptune
0 tcp 79 3 1.00 1.00 0.00 0.00 0.04 0.08 0.00 neptune
0 tcp 88 1 1.00 1.00 0.00 0.00 0.01 0.08 0.00 neptune
0 tcp 97 10 1.00 1.00 0.00 0.00 0.10 0.07 0.00 neptune
0 tcp 106 19 1.00 1.00 0.00 0.00 0.18 0.07 0.00 neptune
0 tcp 66 2 1.00 1.00 0.00 0.00 0.03 0.08 0.00 neptune
0 tcp 67 1 1.00 1.00 0.00 0.00 0.01 0.09 0.00 neptune
0 tcp 100 2 1.00 1.00 0.00 0.00 0.02 0.07 0.00 neptune
0 tcp 109 11 1.00 1.00 0.00 0.00 0.10 0.06 0.00 neptune
0 tcp 118 19 1.00 1.00 0.00 0.00 0.16 0.06 0.00 neptune
0 tcp 127 18 1.00 1.00 0.00 0.00 0.14 0.06 0.00 neptune
0 tcp 107 3 1.00 1.00 0.00 0.00 0.03 0.07 0.00 neptune
0 tcp 116 19 1.00 1.00 0.00 0.00 0.16 0.07 0.00 neptune
0 tcp 125 19 1.00 1.00 0.00 0.00 0.15 0.06 0.00 neptune
0 tcp 134 8 1.00 1.00 0.00 0.00 0.06 0.07 0.00 neptune
0 tcp 143 17 1.00 1.00 0.00 0.00 0.12 0.06 0.00 neptune
0 tcp 102 1 1.00 1.00 0.00 0.00 0.01 0.08 0.00 neptune
0 tcp 77 11 1.00 1.00 0.00 0.00 0.14 0.08 0.00 neptune
0 tcp 121 7 1.00 1.00 0.00 0.00 0.06 0.07 0.00 neptune
0 tcp 130 16 1.00 1.00 0.00 0.00 0.12 0.06 0.00 neptune
0 tcp 139 6 1.00 1.00 0.00 0.00 0.04 0.06 0.00 neptune
0 tcp 148 15 1.00 1.00 0.00 0.00 0.10 0.05 0.00 neptune
0 tcp 107 3 1.00 1.00 0.00 0.00 0.03 0.07 0.00 neptune
0 tcp 116 12 1.00 1.00 0.00 0.00 0.10 0.07 0.00 neptune
0 tcp 125 3 1.00 1.00 0.00 0.00 0.02 0.06 0.00 neptune
0 tcp 134 12 1.00 1.00 0.00 0.00 0.09 0.06 0.00 neptune
0 tcp 93 1 1.00 1.00 0.00 0.00 0.01 0.06 0.00 neptune
0 tcp 102 8 1.00 1.00 0.00 0.00 0.08 0.07 0.00 neptune
0 tcp 87 3 1.00 1.00 0.00 0.00 0.03 0.07 0.00 neptune
0 tcp 121 17 1.00 1.00 0.00 0.00 0.14 0.07 0.00 neptune
0 tcp 130 10 1.00 1.00 0.00 0.00 0.08 0.06 0.00 neptune
0 tcp 139 19 1.00 1.00 0.00 0.00 0.14 0.06 0.00 neptune
0 tcp 98 6 1.00 1.00 0.00 0.00 0.06 0.07 0.00 neptune
0 tcp 107 15 1.00 1.00 0.00 0.00 0.14 0.07 0.00 neptune
0 tcp 116 6 1.00 1.00 0.00 0.00 0.05 0.07 0.00 neptune
0 tcp 125 15 1.00 1.00 0.00 0.00 0.12 0.06 0.00 neptune
0 tcp 134 14 1.00 1.00 0.00 0.00 0.10 0.06 0.00 neptune
0 tcp 101 20 1.00 1.00 0.00 0.00 0.20 0.06 0.00 neptune
0 tcp 110 9 1.00 1.00 0.00 0.00 0.08 0.06 0.00 neptune
0 tcp 119 18 1.00 1.00 0.00 0.00 0.15 0.06 0.00 neptune
0 tcp 98 14 1.00 1.00 0.00 0.00 0.14 0.06 0.00 neptune
0 tcp 138 17 1.00 1.00 0.00 0.00 0.12 0.06 0.00 neptune
0 tcp 147 6 1.00 1.00 0.00 0.00 0.04 0.06 0.00 neptune
0 tcp 106 15 1.00 1.00 0.00 0.00 0.14 0.06 0.00 neptune
0 tcp 115 4 1.00 1.00 0.00 0.00 0.03 0.06 0.00 neptune
0 tcp 124 13 1.00 1.00 0.00 0.00 0.10 0.06 0.00 neptune
0 tcp 133 2 1.00 1.00 0.00 0.00 0.02 0.06 0.00 neptune
0 tcp 142 11 1.00 1.00 0.00 0.00 0.08 0.06 0.00 neptune
0 tcp 101 1 1.00 1.00 0.00 0.00 0.01 0.07 0.00 neptune
0 tcp 110 6 1.00 1.00 0.00 0.00 0.05 0.07 0.00 neptune
0 tcp 119 15 1.00 1.00 0.00 0.00 0.13 0.07 0.00 neptune
0 tcp 128 8 1.00 1.00 0.00 0.00 0.06 0.06 0.00 neptune
0 tcp 80 7 1.00 1.00 0.00 0.00 0.09 0.06 0.00 neptune
0 tcp 81 8 1.00 1.00 0.00 0.00 0.10 0.06 0.00 neptune
0 tcp 82 9 1.00 1.00 0.00 0.00 0.11 0.06 0.00 neptune
0 tcp 115 4 1.00 1.00 0.00 0.00 0.03 0.06 0.00 neptune
0 tcp 124 13 1.00 1.00 0.00 0.00 0.10 0.06 0.00 neptune
0 tcp 133 2 1.00 1.00 0.00 0.00 0.02 0.06 0.00 neptune
0 tcp 92 8 1.00 1.00 0.00 0.00 0.09 0.08 0.00 neptune
0 tcp 101 5 1.00 1.00 0.00 0.00 0.05 0.08 0.00 neptune
0 tcp 110 14 1.00 1.00 0.00 0.00 0.13 0.07 0.00 neptune
0 tcp 119 6 1.00 1.00 0.00 0.00 0.05 0.07 0.00 neptune
0 tcp 128 14 1.00 1.00 0.00 0.00 0.11 0.06 0.00 neptune
0 tcp 103 1 1.00 1.00 0.00 0.00 0.01 0.08 0.00 neptune
0 tcp 112 14 1.00 1.00 0.00 0.00 0.12 0.08 0.00 neptune
0 tcp 92 19 1.00 1.00 0.00 0.00 0.21 0.05 0.00 neptune
0 tcp 131 16 1.00 1.00 0.00 0.00 0.12 0.07 0.00 neptune
0 tcp 140 11 1.00 1.00 0.00 0.00 0.08 0.06 0.00 neptune
0 tcp 149 3 1.00 1.00 0.00 0.00 0.02 0.06 0.00 neptune
0 tcp 108 8 1.00 1.00 0.00 0.00 0.07 0.06 0.00 neptune
0 tcp 117 9 1.00 1.00 0.00 0.00 0.08 0.06 0.00 neptune
0 tcp 126 17 1.00 1.00 0.00 0.00 0.13 0.06 0.00 neptune
0 tcp 135 6 1.00 1.00 0.00 0.00 0.04 0.06 0.00 neptune
0 tcp 144 15 1.00 1.00 0.00 0.00 0.10 0.06 0.00 neptune
0 tcp 103 2 1.00 1.00 0.00 0.00 0.02 0.08 0.00 neptune
0 tcp 112 9 1.00 1.00 0.00 0.00 0.08 0.07 0.00 neptune
0 tcp 102 8 1.00 1.00 0.00 0.00 0.08 0.06 0.00 neptune
0 tcp 131 11 1.00 1.00 0.00 0.00 0.08 0.06 0.00 neptune
0 tcp 140 13 1.00 1.00 0.00 0.00 0.09 0.06 0.00 neptune
0 tcp 99 3 1.00 1.00 0.00 0.00 0.03 0.06 0.00 neptune
0 tcp 108 3 1.00 1.00 0.00 0.00 0.03 0.06 0.00 neptune
0 tcp 117 6 1.00 1.00 0.00 0.00 0.05 0.07 0.00 neptune
0 tcp 126 14 1.00 1.00 0.00 0.00 0.11 0.06 0.00 neptune
0 tcp 135 9 1.00 1.00 0.00 0.00 0.07 0.06 0.00 neptune
0 tcp 144 18 1.00 1.00 0.00 0.00 0.12 0.06 0.00 neptune
0 tcp 103 4 1.00 1.00 0.00 0.00 0.04 0.07 0.00 neptune
0 tcp 112 13 1.00 1.00 0.00 0.00 0.12 0.06 0.00 neptune
0 tcp 121 16 1.00 1.00 0.00 0.00 0.13 0.06 0.00 neptune
0 tcp 130 4 1.00 1.00 0.00 0.00 0.03 0.06 0.00 neptune
0 tcp 139 13 1.00 1.00 0.00 0.00 0.09 0.06 0.00 neptune
0 tcp 79 4 1.00 1.00 0.00 0.00 0.05 0.06 0.00 neptune
0 tcp 112 7 1.00 1.00 0.00 0.00 0.06 0.08 0.00 neptune
0 tcp 121 16 1.00 1.00 0.00 0.00 0.13 0.07 0.00 neptune
0 tcp 130 8 1.00 1.00 0.00 0.00 0.06 0.07 0.00 neptune
0 tcp 139 5 1.00 1.00 0.00 0.00 0.04 0.06 0.00 neptune
0 tcp 148 20 1.00 1.00 0.00 0.00 0.14 0.06 0.00 neptune
0 tcp 107 13 1.00 1.00 0.00 0.00 0.12 0.07 0.00 neptune
0 tcp 116 4 1.00 1.00 0.00 0.00 0.03 0.07 0.00 neptune
0 tcp 125 10 1.00 1.00 0.00 0.00 0.08 0.06 0.00 neptune
0 tcp 134 5 1.00 1.00 0.00 0.00 0.04 0.06 0.00 neptune
0 tcp 143 14 1.00 1.00 0.00 0.00 0.10 0.06 0.00 neptune
0 tcp 102 1 1.00 1.00 0.00 0.00 0.01 0.07 0.00 neptune
0 tcp 111 5 1.00 1.00 0.00 0.00 0.05 0.07 0.00 neptune
0 tcp 91 12 1.00 1.00 0.00 0.00 0.13 0.05 0.00 neptune
0 tcp 130 16 1.00 1.00 0.00 0.00 0.12 0.06 0.00 neptune
0 tcp 90 18 1.00 1.00 0.00 0.00 0.20 0.06 0.00 neptune
0 tcp 99 7 1.00 1.00 0.00 0.00 0.07 0.06 0.00 neptune
0 tcp 108 16 1.00 1.00 0.00 0.00 0.15 0.06 0.00 neptune
0 tcp 67 5 1.00 1.00 0.00 0.00 0.07 0.07 0.00 neptune
0 tcp 76 14 1.00 1.00 0.00 0.00 0.18 0.07 0.00 neptune
0 tcp 85 3 1.00 1.00 0.00 0.00 0.04 0.07 0.00 neptune
0 tcp 94 12 1.00 1.00 0.00 0.00 0.13 0.06 0.00 neptune
0 tcp 67 2 1.00 1.00 0.00 0.00 0.03 0.07 0.00 neptune
0 tcp 76 9 1.00 1.00 0.00 0.00 0.12 0.08 0.00 neptune
0 tcp 85 11 1.00 1.00 0.00 0.00 0.13 0.07 0.00 neptune
0 tcp 94 19 1.00 1.00 0.00 0.00 0.20 0.07 0.00 neptune
0 tcp 103 8 1.00 1.00 0.00 0.00 0.08 0.07 0.00 neptune
0 tcp 112 17 1.00 1.00 0.00 0.00 0.15 0.06 0.00 neptune
0 tcp 105 9 1.00 1.00 0.00 0.00 0.09 0.06 0.00 neptune
0 tcp 104 5 1.00 1.00 0.00 0.00 0.05 0.06 0.00 neptune
0 tcp 113 14 1.00 1.00 0.00 0.00 0.12 0.05 0.00 neptune
0 tcp 122 3 1.00 1.00 0.00 0.00 0.02 0.06 0.00 neptune
0 tcp 131 12 1.00 1.00 0.00 0.00 0.09 0.05 0.00 neptune
0 tcp 102 1 1.00 1.00 0.00 0.00 0.01 0.08 0.00 neptune
0 tcp 111 3 1.00 1.00 0.00 0.00 0.03 0.07 0.00 neptune
0 tcp 120 11 1.00 1.00 0.00 0.00 0.09 0.07 0.00 neptune
0 tcp 129 6 1.00 1.00 0.00 0.00 0.05 0.07 0.00 neptune
0 tcp 138 8 1.00 1.00 0.00 0.00 0.06 0.07 0.00 neptune
0 tcp 147 17 1.00 1.00 0.00 0.00 0.12 0.06 0.00 neptune
0 tcp 115 19 1.00 1.00 0.00 0.00 0.17 0.05 0.00 neptune
0 tcp 116 17 1.00 1.00 0.00 0.00 0.15 0.06 0.00 neptune
0 tcp 125 6 1.00 1.00 0.00 0.00 0.05 0.06 0.00 neptune
0 tcp 134 15 1.00 1.00 0.00 0.00 0.11 0.06 0.00 neptune
0 tcp 93 1 1.00 1.00 0.00 0.00 0.01 0.08 0.00 neptune
0 tcp 102 13 1.00 1.00 0.00 0.00 0.13 0.08 0.00 neptune
0 tcp 111 4 1.00 1.00 0.00 0.00 0.04 0.07 0.00 neptune
0 tcp 120 12 1.00 1.00 0.00 0.00 0.10 0.07 0.00 neptune
0 tcp 129 8 1.00 1.00 0.00 0.00 0.06 0.06 0.00 neptune
0 tcp 138 17 1.00 1.00 0.00 0.00 0.12 0.06 0.00 neptune
0 tcp 97 4 1.00 1.00 0.00 0.00 0.04 0.07 0.00 neptune
0 tcp 106 12 1.00 1.00 0.00 0.00 0.11 0.07 0.00 neptune
0 tcp 92 1 1.00 1.00 0.00 0.00 0.01 0.08 0.00 neptune
0 tcp 83 9 1.00 1.00 0.00 0.00 0.11 0.07 0.00 neptune
0 tcp 92 18 1.00 1.00 0.00 0.00 0.20 0.07 0.00 neptune
0 tcp 101 12 1.00 1.00 0.00 0.00 0.12 0.06 0.00 neptune
0 tcp 63 4 1.00 1.00 0.00 0.00 0.06 0.10 0.00 neptune
0 tcp 72 16 1.00 1.00 0.00 0.00 0.22 0.08 0.00 neptune
0 tcp 81 17 1.00 1.00 0.00 0.00 0.21 0.07 0.00 neptune
0 tcp 65 1 1.00 1.00 0.00 0.00 0.02 0.08 0.00 neptune
0 tcp 74 14 1.00 1.00 0.00 0.00 0.19 0.07 0.00 neptune
0 tcp 51 6 1.00 1.00 0.00 0.00 0.12 0.08 0.00 neptune
0 tcp 60 15 1.00 1.00 0.00 0.00 0.25 0.07 0.00 neptune
0 tcp 69 4 1.00 1.00 0.00 0.00 0.06 0.07 0.00 neptune
0 tcp 78 13 1.00 1.00 0.00 0.00 0.17 0.06 0.00 neptune
0 tcp 104 18 1.00 1.00 0.00 0.00 0.17 0.07 0.00 neptune
0 tcp 67 8 1.00 1.00 0.00 0.00 0.12 0.07 0.00 neptune
0 tcp 76 17 1.00 1.00 0.00 0.00 0.22 0.07 0.00 neptune
0 tcp 85 5 1.00 1.00 0.00 0.00 0.06 0.07 0.00 neptune
0 tcp 94 13 1.00 1.00 0.00 0.00 0.14 0.06 0.00 neptune
0 tcp 103 12 1.00 1.00 0.00 0.00 0.12 0.06 0.00 neptune
0 tcp 94 1 1.00 1.00 0.00 0.00 0.01 0.06 0.00 neptune
0 tcp 103 6 1.00 1.00 0.00 0.00 0.06 0.06 0.00 neptune
0 tcp 112 15 1.00 1.00 0.00 0.00 0.13 0.05 0.00 neptune
0 tcp 121 4 1.00 1.00 0.00 0.00 0.03 0.06 0.00 neptune
0 tcp 130 13 1.00 1.00 0.00 0.00 0.10 0.05 0.00 neptune
0 tcp 139 2 1.00 1.00 0.00 0.00 0.01 0.06 0.00 neptune
0 tcp 115 9 1.00 1.00 0.00 0.00 0.08 0.07 0.00 neptune
0 tcp 115 15 1.00 1.00 0.00 0.00 0.13 0.06 0.00 neptune
0 tcp 124 8 1.00 1.00 0.00 0.00 0.06 0.06 0.00 neptune
0 tcp 133 17 1.00 1.00 0.00 0.00 0.13 0.06 0.00 neptune
0 tcp 142 12 1.00 1.00 0.00 0.00 0.08 0.06 0.00 neptune
0 tcp 101 1 1.00 1.00 0.00 0.00 0.01 0.07 0.00 neptune
0 tcp 110 10 1.00 1.00 0.00 0.00 0.09 0.06 0.00 neptune
0 tcp 119 16 1.00 1.00 0.00 0.00 0.13 0.06 0.00 neptune
0 tcp 128 5 1.00 1.00 0.00 0.00 0.04 0.06 0.00 neptune
0 tcp 87 13 1.00 1.00 0.00 0.00 0.15 0.06 0.00 neptune
0 tcp 96 3 1.00 1.00 0.00 0.00 0.03 0.06 0.00 neptune
0 tcp 105 11 1.00 1.00 0.00 0.00 0.10 0.06 0.00 neptune
0 tcp 64 1 1.00 1.00 0.00 0.00 0.02 0.08 0.00 neptune
0 tcp 73 10 1.00 1.00 0.00 0.00 0.14 0.07 0.00 neptune
0 tcp 46 18 1.00 1.00 0.00 0.00 0.39 0.07 0.00 neptune
0 tcp 129 4 1.00 1.00 0.00 0.00 0.03 0.06 0.00 neptune
0 tcp 65 17 1.00 1.00 0.00 0.00 0.26 0.06 0.00 neptune
0 tcp 74 6 1.00 1.00 0.00 0.00 0.08 0.07 0.00 neptune
0 tcp 62 12 1.00 1.00 0.00 0.00 0.19 0.10 0.00 neptune
0 tcp 71 5 1.00 1.00 0.00 0.00 0.07 0.08 0.00 neptune
0 tcp 80 14 1.00 1.00 0.00 0.00 0.17 0.08 0.00 neptune
0 tcp 89 20 1.00 1.00 0.00 0.00 0.22 0.07 0.00 neptune
0 tcp 76 9 1.00 1.00 0.00 0.00 0.12 0.08 0.00 neptune
0 tcp 85 18 1.00 1.00 0.00 0.00 0.21 0.07 0.00 neptune
0 tcp 94 9 1.00 1.00 0.00 0.00 0.10 0.06 0.00 neptune
0 tcp 68 16 1.00 1.00 0.00 0.00 0.24 0.07 0.00 neptune
0 tcp 77 8 1.00 1.00 0.00 0.00 0.10 0.06 0.00 neptune
0 tcp 140 15 1.00 1.00 0.00 0.00 0.11 0.06 0.00 neptune
0 tcp 96 6 1.00 1.00 0.00 0.00 0.06 0.06 0.00 neptune
0 tcp 73 3 1.00 1.00 0.00 0.00 0.04 0.07 0.00 neptune
0 tcp 82 1 1.00 1.00 0.00 0.00 0.01 0.07 0.00 neptune
0 tcp 91 10 1.00 1.00 0.00 0.00 0.11 0.07 0.00 neptune
0 tcp 100 8 1.00 1.00 0.00 0.00 0.08 0.06 0.00 neptune
0 tcp 109 17 1.00 1.00 0.00 0.00 0.16 0.06 0.00 neptune
0 tcp 86 16 1.00 1.00 0.00 0.00 0.19 0.08 0.00 neptune
0 tcp 95 8 1.00 1.00 0.00 0.00 0.08 0.07 0.00 neptune
0 tcp 104 16 1.00 1.00 0.00 0.00 0.15 0.07 0.00 neptune
0 tcp 113 6 1.00 1.00 0.00 0.00 0.05 0.07 0.00 neptune
0 tcp 109 5 1.00 1.00 0.00 0.00 0.05 0.06 0.00 neptune
0 tcp 95 5 1.00 1.00 0.00 0.00 0.05 0.07 0.00 neptune
0 tcp 104 14 1.00 1.00 0.00 0.00 0.13 0.07 0.00 neptune
0 tcp 113 3 1.00 1.00 0.00 0.00 0.03 0.07 0.00 neptune
0 tcp 122 12 1.00 1.00 0.00 0.00 0.10 0.07 0.00 neptune
0 tcp 131 2 1.00 1.00 0.00 0.00 0.02 0.06 0.00 neptune
0 tcp 140 11 1.00 1.00 0.00 0.00 0.08 0.06 0.00 neptune
0 tcp 106 19 1.00 1.00 0.00 0.00 0.18 0.07 0.00 neptune
0 tcp 115 9 1.00 1.00 0.00 0.00 0.08 0.06 0.00 neptune
0 tcp 124 18 1.00 1.00 0.00 0.00 0.15 0.06 0.00 neptune
0 tcp 133 7 1.00 1.00 0.00 0.00 0.05 0.06 0.00 neptune
0 tcp 143 17 1.00 1.00 0.00 0.00 0.12 0.06 0.00 neptune
0 tcp 102 6 1.00 1.00 0.00 0.00 0.06 0.06 0.00 neptune
0 tcp 120 15 1.00 1.00 0.00 0.00 0.12 0.07 0.00 neptune
0 tcp 121 5 1.00 1.00 0.00 0.00 0.04 0.06 0.00 neptune
0 tcp 130 14 1.00 1.00 0.00 0.00 0.11 0.05 0.00 neptune
0 tcp 139 3 1.00 1.00 0.00 0.00 0.02 0.06 0.00 neptune
0 tcp 98 12 1.00 1.00 0.00 0.00 0.12 0.06 0.00 neptune
0 tcp 107 1 1.00 1.00 0.00 0.00 0.01 0.07 0.00 neptune
0 tcp 116 10 1.00 1.00 0.00 0.00 0.09 0.07 0.00 neptune
0 tcp 125 19 1.00 1.00 0.00 0.00 0.15 0.06 0.00 neptune
0 tcp 134 9 1.00 1.00 0.00 0.00 0.07 0.06 0.00 neptune
0 tcp 100 17 1.00 1.00 0.00 0.00 0.17 0.06 0.00 neptune
0 tcp 109 6 1.00 1.00 0.00 0.00 0.06 0.06 0.00 neptune
0 tcp 130 7 1.00 1.00 0.00 0.00 0.05 0.07 0.00 neptune
0 tcp 128 7 1.00 1.00 0.00 0.00 0.05 0.06 0.00 neptune
0 tcp 137 16 1.00 1.00 0.00 0.00 0.12 0.06 0.00 neptune
0 tcp 146 3 1.00 1.00 0.00 0.00 0.02 0.06 0.00 neptune
0 tcp 107 12 1.00 1.00 0.00 0.00 0.11 0.06 0.00 neptune
0 tcp 116 3 1.00 1.00 0.00 0.00 0.03 0.06 0.00 neptune
0 tcp 125 12 1.00 1.00 0.00 0.00 0.10 0.06 0.00 neptune
0 tcp 134 1 1.00 1.00 0.00 0.00 0.01 0.06 0.00 neptune
0 tcp 143 10 1.00 1.00 0.00 0.00 0.07 0.06 0.00 neptune
0 tcp 102 1 1.00 1.00 0.00 0.00 0.01 0.08 0.00 neptune
0 tcp 112 6 1.00 1.00 0.00 0.00 0.05 0.08 0.00 neptune
0 tcp 121 15 1.00 1.00 0.00 0.00 0.12 0.07 0.00 neptune
0 tcp 140 17 1.00 1.00 0.00 0.00 0.12 0.06 0.00 neptune
0 tcp 140 15 1.00 1.00 0.00 0.00 0.11 0.06 0.00 neptune
0 tcp 149 19 1.00 1.00 0.00 0.00 0.13 0.06 0.00 neptune
0 tcp 108 3 1.00 1.00 0.00 0.00 0.03 0.07 0.00 neptune
0 tcp 117 12 1.00 1.00 0.00 0.00 0.10 0.07 0.00 neptune
0 tcp 126 20 1.00 1.00 0.00 0.00 0.16 0.06 0.00 neptune
0 tcp 135 17 1.00 1.00 0.00 0.00 0.13 0.06 0.00 neptune
0 tcp 94 7 1.00 1.00 0.00 0.00 0.07 0.09 0.00 neptune
0 tcp 103 4 1.00 1.00 0.00 0.00 0.04 0.08 0.00 neptune
0 tcp 112 13 1.00 1.00 0.00 0.00 0.12 0.07 0.00 neptune
0 tcp 121 20 1.00 1.00 0.00 0.00 0.17 0.07 0.00 neptune
0 tcp 80 3 1.00 1.00 0.00 0.00 0.04 0.08 0.00 neptune
0 tcp 89 5 1.00 1.00 0.00 0.00 0.06 0.08 0.00 neptune
0 tcp 102 2 1.00 1.00 0.00 0.00 0.02 0.07 0.00 neptune
0 tcp 108 9 1.00 1.00 0.00 0.00 0.08 0.06 0.00 neptune
0 tcp 117 18 1.00 1.00 0.00 0.00 0.15 0.06 0.00 neptune
0 tcp 126 19 1.00 1.00 0.00 0.00 0.15 0.06 0.00 neptune
0 tcp 97 1 1.00 1.00 0.00 0.00 0.01 0.07 0.00 neptune
0 tcp 106 10 1.00 1.00 0.00 0.00 0.09 0.07 0.00 neptune
0 tcp 115 19 1.00 1.00 0.00 0.00 0.17 0.06 0.00 neptune
0 tcp 124 13 1.00 1.00 0.00 0.00 0.10 0.06 0.00 neptune
0 tcp 133 14 1.00 1.00 0.00 0.00 0.11 0.06 0.00 neptune
0 tcp 103 3 1.00 1.00 0.00 0.00 0.03 0.07 0.00 neptune
0 tcp 112 12 1.00 1.00 0.00 0.00 0.11 0.06 0.00 neptune
0 tcp 121 10 1.00 1.00 0.00 0.00 0.08 0.06 0.00 neptune
0 tcp 130 19 1.00 1.00 0.00 0.00 0.15 0.05 0.00 neptune
0 tcp 114 12 1.00 1.00 0.00 0.00 0.11 0.06 0.00 neptune
0 tcp 149 11 1.00 1.00 0.00 0.00 0.07 0.05 0.00 neptune
0 tcp 108 20 1.00 1.00 0.00 0.00 0.19 0.06 0.00 neptune
0 tcp 117 9 1.00 1.00 0.00 0.00 0.08 0.06 0.00 neptune
0 tcp 126 18 1.00 1.00 0.00 0.00 0.14 0.06 0.00 neptune
0 tcp 135 7 1.00 1.00 0.00 0.00 0.05 0.06 0.00 neptune
0 tcp 94 16 1.00 1.00 0.00 0.00 0.17 0.05 0.00 neptune
0 tcp 103 5 1.00 1.00 0.00 0.00 0.05 0.06 0.00 neptune
0 tcp 112 14 1.00 1.00 0.00 0.00 0.12 0.05 0.00 neptune
0 tcp 121 3 1.00 1.00 0.00 0.00 0.02 0.06 0.00 neptune
0 tcp 130 12 1.00 1.00 0.00 0.00 0.09 0.05 0.00 neptune
0 tcp 139 1 1.00 1.00 0.00 0.00 0.01 0.06 0.00 neptune
0 tcp 125 3 1.00 1.00 0.00 0.00 0.02 0.06 0.00 neptune
0 tcp 109 1 1.00 1.00 0.00 0.00 0.01 0.07 0.00 neptune
0 tcp 118 11 1.00 1.00 0.00 0.00 0.09 0.07 0.00 neptune
0 tcp 127 18 1.00 1.00 0.00 0.00 0.14 0.06 0.00 neptune
0 tcp 94 7 1.00 1.00 0.00 0.00 0.07 0.06 0.00 neptune
0 tcp 103 16 1.00 1.00 0.00 0.00 0.16 0.06 0.00 neptune
0 tcp 112 5 1.00 1.00 0.00 0.00 0.04 0.06 0.00 neptune
0 tcp 121 14 1.00 1.00 0.00 0.00 0.12 0.06 0.00 neptune
0 tcp 130 3 1.00 1.00 0.00 0.00 0.02 0.06 0.00 neptune
0 tcp 139 12 1.00 1.00 0.00 0.00 0.09 0.06 0.00 neptune
0 tcp 99 4 1.00 1.00 0.00 0.00 0.04 0.07 0.00 neptune
0 tcp 135 13 1.00 1.00 0.00 0.00 0.10 0.06 0.00 neptune
0 tcp 118 3 1.00 1.00 0.00 0.00 0.03 0.07 0.00 neptune
0 tcp 127 4 1.00 1.00 0.00 0.00 0.03 0.06 0.00 neptune
0 tcp 136 18 1.00 1.00 0.00 0.00 0.13 0.06 0.00 neptune
0 tcp 103 3 1.00 1.00 0.00 0.00 0.03 0.07 0.00 neptune
0 tcp 112 11 1.00 1.00 0.00 0.00 0.10 0.06 0.00 neptune
0 tcp 121 20 1.00 1.00 0.00 0.00 0.17 0.06 0.00 neptune
0 tcp 130 9 1.00 1.00 0.00 0.00 0.07 0.06 0.00 neptune
0 tcp 139 18 1.00 1.00 0.00 0.00 0.13 0.06 0.00 neptune
0 tcp 98 8 1.00 1.00 0.00 0.00 0.08 0.08 0.00 neptune
0 tcp 107 17 1.00 1.00 0.00 0.00 0.16 0.07 0.00 neptune
0 tcp 116 7 1.00 1.00 0.00 0.00 0.06 0.07 0.00 neptune
0 tcp 125 16 1.00 1.00 0.00 0.00 0.13 0.06 0.00 neptune
0 tcp 147 13 1.00 1.00 0.00 0.00 0.09 0.05 0.00 neptune
0 tcp 94 14 1.00 1.00 0.00 0.00 0.15 0.06 0.00 neptune
0 tcp 103 7 1.00 1.00 0.00 0.00 0.07 0.06 0.00 neptune
0 tcp 112 16 1.00 1.00 0.00 0.00 0.14 0.05 0.00 neptune
0 tcp 80 19 1.00 1.00 0.00 0.00 0.24 0.08 0.00 neptune
0 tcp 89 11 1.00 1.00 0.00 0.00 0.12 0.07 0.00 neptune
0 tcp 98 19 1.00 1.00 0.00 0.00 0.19 0.06 0.00 neptune
0 tcp 69 3 1.00 1.00 0.00 0.00 0.04 0.07 0.00 neptune
0 tcp 78 10 1.00 1.00 0.00 0.00 0.13 0.08 0.00 neptune
0 tcp 87 19 1.00 1.00 0.00 0.00 0.22 0.07 0.00 neptune
0 tcp 96 9 1.00 1.00 0.00 0.00 0.09 0.06 0.00 neptune
0 tcp 107 2 1.00 1.00 0.00 0.00 0.02 0.08 0.00 neptune
